from,to,dx,dy,dz,xrot,yrot,zrot,sdiff
ADINDAN,WGS84,-166,-15,204,0,0,0,0
ADINDAN,WGS84,-118,-14,218,0,0,0,0
ADINDAN,WGS84,-134,-2,210,0,0,0,0
ADINDAN,WGS84,-165,-11,206,0,0,0,0
ADINDAN,WGS84,-123,-20,220,0,0,0,0
ADINDAN,WGS84,-128,-18,224,0,0,0,0
ADINDAN,WGS84,-161,-14,205,0,0,0,0
AFGOOYE,WGS84,-43,-163,45,0,0,0,0
AGD66,WGS84,-133,-48,148,0,0,0,0
AGD84,WGS84,-134,-48,149,0,0,0,0
AINEL_ABD,WGS84,-150,-250,-1,0,0,0,0
AINEL_ABD,WGS84,-143,-236,7,0,0,0,0
AMERSFOORT,WGS84,593.16,26.15,478.54,-6.3239,-0.5008,-5.5487,4.0775
ARC1950,WGS84,-143,-90,-294,0,0,0,0
ARC1950,WGS84,-138,-105,-289,0,0,0,0
ARC1950,WGS84,-153,-5,-292,0,0,0,0
ARC1950,WGS84,-125,-108,-295,0,0,0,0
ARC1950,WGS84,-161,-73,-317,0,0,0,0
ARC1950,WGS84,-134,-105,-295,0,0,0,0
ARC1950,WGS84,-169,-19,-278,0,0,0,0
ARC1950,WGS84,-147,-74,-283,0,0,0,0
ARC1950,WGS84,-142,-96,-293,0,0,0,0
ARC1960,WGS84,-160,-6,-302,0,0,0,0
BATAVIA,WGS84,-377,681,-50,0,0,0,0
BERMUDA_1957,WGS84,-73,213,296,0,0,0,0
BOGOTA,WGS84,307,304,-318,0,0,0,0
BOGOTA,SPHERE_CLARKE1880,307,304,-318,0,0,0,0
BUKIT_RIMPAH,WGS84,-384,664,-48,0,0,0,0
CAMPO_INCHAUSPE,WGS84,-148,136,90,0,0,0,0
CAPE,WGS84,-136,-108,-292,0,0,0,0
CAPE,WGS84,-134.73,-110.92,-292.66,0,0,0,0
CARTHAGE,WGS84,-263,6,431,0,0,0,0
CHUA,WGS84,-134,229,-29,0,0,0,0
CORREGO_ALEGRE,WGS84,-206,172,-6,0,0,0,0
ED50,WGS84,-87,-98,-121,0,0,0,0
ED50,WGS84,-87,-96,-120,0,0,0,0
ED50,WGS84,-103,-106,-141,0,0,0,0
ED50,WGS84,-104,-101,-140,0,0,0,0
ED50,WGS84,-130,-117,-151,0,0,0,0
ED50,WGS84,-86,-96,-120,0,0,0,0
ED50,WGS84,-87,-95,-120,0,0,0,0
ED50,WGS84,-84,-95,-130,0,0,0,0
ED50_ED77,WGS84,-117,-132,-164,0,0,0,0
ED50,WGS84,-97,-103,-120,0,0,0,0
ED50,WGS84,-97,-88,-135,0,0,0,0
ED50,WGS84,-107,-88,-149,0,0,0,0
ED50,WGS84,-84,-107,-120,0,0,0,0
ED87,WGS84,-82.981,-99.719,-110.709,-0.5076,0.1503,0.3898,-0.3143
ED50,ED87,-1.51,-0.84,-3.5,-1.893,-0.687,-2.764,0.609
EGYPT_1907,WGS84,-130,110,-13,0,0,0,0
EUROPEAN_TERRESTRIAL_REFERENCE_FRAME_89,WGS84,0,0,0,0,0,0,0
FINKKJ,EUREF_FIN,-96.061700,-82.427800,-121.753500,-4.801070,-0.345430,1.376460,1.496400
FINKKJ,WGS84,-96.061700,-82.427800,-121.753500,-4.801070,-0.345430,1.376460,1.496400
EUREF_FIN,ETRS89,0,0,0,0,0,0,0
EUREF_FIN,WGS84,0,0,0,0,0,0,0
GDA94,WGS84,0,0,0,0,0,0,0
GDA94,GDA2020,0.06155,-0.01087,-0.04019,-0.0394924,-0.0327221,-0.0328979,-0.009994
WGS84,GDA2020,0.06155,-0.01087,-0.04019,-0.0394924,-0.0327221,-0.0328979,-0.009994
GD49,WGS84,84,-22,209,0,0,0,0
HU_TZU_SHAN,WGS84,-637,-549,-203,0,0,0,0
INDIAN_1954,WGS84,217,823,299,0,0,0,0
INDIAN_1975,WGS84,209,818,290,0,0,0,0
KALIANPUR_1937,WGS84,282,726,254,0,0,0,0
KALIANPUR_1975,WGS84,295,736,257,0,0,0,0
KANDAWALA,WGS84,-97,787,86,0,0,0,0
KERTAU,WGS84,-11,851,5,0,0,0,0
LEIGON,WGS84,-130,29,364,0,0,0,0
LIBERIA_1964,WGS84,-90,40,88,0,0,0,0
LUZON_1911,WGS84,-133,-77,-51,0,0,0,0
LUZON_1911,WGS84,-133,-79,-72,0,0,0,0
M_PORALOKO,WGS84,-74,-130,42,0,0,0,0
MAHE_1971,WGS84,41,-220,-134,0,0,0,0
MASSAWA,WGS84,639,405,60,0,0,0,0
MERCHICH,WGS84,31,146,47,0,0,0,0
MERCHICH_Degree,31,146,47,0,0,0,0
MINNA,WGS84,-81,-84,115,0,0,0,0
MINNA,WGS84,-92,-93,122,0,0,0,0
MONTE_MARIO,WGS84,-225,-65,9,0,0,0,0
NAD27,WGS84,-3,142,183,0,0,0,0
NAD27,WGS84,0,125,194,0,0,0,0
NAD27,WGS84,-10,158,187,0,0,0,0
NAD27,WGS84,-8,160,176,0,0,0,0
NAD27,WGS84,-9,161,179,0,0,0,0
NAD27,WGS84,-8,159,175,0,0,0,0
NAD27,WGS84,-5,135,172,0,0,0,0
NAD27,WGS84,-4,154,178,0,0,0,0
NAD27,WGS84,1,140,165,0,0,0,0
NAD27,WGS84,-7,162,188,0,0,0,0
NAD27,WGS84,-9,157,184,0,0,0,0
NAD27,WGS84,-22,160,190,0,0,0,0
NAD27,WGS84,4,159,188,0,0,0,0
NAD27,WGS84,-7,139,181,0,0,0,0
NAD27,WGS84,0,125,201,0,0,0,0
NAD27,WGS84,-9,152,178,0,0,0,0
NAD27,WGS84,11,114,195,0,0,0,0
NAD27,WGS84,-12,130,190,0,0,0,0
NORTH_AMERICAN_DATUM_1983,WGS84,0,0,0,0,0,0,0
NAHRWAN_1967,WGS84,-247,-148,369,0,0,0,0
NAHRWAN_1967,WGS84,-243,-192,477,0,0,0,0
NAHRWAN_1967,WGS84,-249,-156,381,0,0,0,0
NAPARIMA_1972,WGS84,-10,375,165,0,0,0,0
NTF,WGS84,-168,-60,320,0,0,0,0
OSGB_1936,WGS84,375,-111,431,0,0,0,0
OSGB_1936,WGS84,371,-112,434,0,0,0,0
OSGB_1936,WGS84,371,-111,434,0,0,0,0
OSGB_1936,WGS84,384,-111,425,0,0,0,0
OSGB_1936,WGS84,370,-108,434,0,0,0,0
POINTE_NOIRE,WGS84,-148,51,-291,0,0,0,0
PSAD56,WGS84,-288,175,-376,0,0,0,0
PSAD56,WGS84,-270,188,-388,0,0,0,0
PSAD56,WGS84,-270,183,-390,0,0,0,0
PSAD56,WGS84,-305,243,-442,0,0,0,0
PSAD56,WGS84,-282,169,-371,0,0,0,0
PSAD56,WGS84,-278,171,-367,0,0,0,0
PSAD56,WGS84,-298,159,-369,0,0,0,0
PSAD56,WGS84,-279,175,-379,0,0,0,0
PSAD56,WGS84,-295,173,-371,0,0,0,0
QATAR,WGS84,-128,-283,22,0,0,0,0
QORNOQ,WGS84,164,138,-189,0,0,0,0
SAD69,WGS84,-57,1,-41,0,0,0,0
SAD69,WGS84,-62,-1,-37,0,0,0,0
SAD69,WGS84,-61,2,-48,0,0,0,0
SAD69,WGS84,-60,-2,-41,0,0,0,0
SAD69,WGS84,-75,-1,-44,0,0,0,0
SAD69,WGS84,-44,6,-36,0,0,0,0
SAD69,WGS84,-48,3,-44,0,0,0,0
SAD69,WGS84,-47,26,-42,0,0,0,0
SAD69,WGS84,-53,3,-47,0,0,0,0
SAD69,WGS84,-61,2,-33,0,0,0,0
SAD69,WGS84,-58,0,-44,0,0,0,0
SAD69,WGS84,-45,12,-33,0,0,0,0
SAD69,WGS84,-45,8,-33,0,0,0,0
SAPPER_HILL_1943,WGS84,-355,21,72,0,0,0,0
SCHWARZECK,WGS84,616,97,-251,0,0,0,0
SPHERE_CLARKE1880,WGS84,0,0,0,0,0,0,0
TANANARIVE,WGS84,-189,-242,-91,0,0,0,0
TIMBALAI_1948,WGS84,-679,669,-48,0,0,0,0
TM65,WGS84,506,-122,611,0,0,0,0
TOKYO,WGS84,-148,507,685,0,0,0,0
TOKYO,WGS84,-148,507,685,0,0,0,0
TOKYO,WGS84,-146,507,687,0,0,0,0
TOKYO,WGS84,-158,507,676,0,0,0,0
YACARE,WGS84,-155,171,37,0,0,0,0
ZANDERIJ,WGS84,-265,120,-358,0,0,0,0
WGS72,WGS84,0,0,4.5,0,0,0.554,0.2263
WGS72,WGS84,0,0,4.5,0,0,0.554,0.219
WGS72BE,WGS72,0,0,-2.6,0,0,0.26,-0.6063
WGS72BE,WGS84,0,0,1.9,0,0,0.814,-0.38
ED50,WGS84,-112,-77,-145,0,0,0,0
HERAT_NORTH,WGS84,-333,-222,114,0,0,0,0
KALIANPUR_1962,WGS84,283,682,231,0,0,0,0
ID74,WGS84,-24,-15,5,0,0,0,0
NAD27,WGS84,-2,152,149,0,0,0,0
NAD27,WGS84,2,204,105,0,0,0,0
NORTH_AMERICAN_DATUM_1983,WGS84,-2,0,4,0,0,0,0
NORTH_AMERICAN_DATUM_1983,WGS84,1,1,-1,0,0,0,0
NORD_SAHARA_1959,WGS84,-186,-93,310,0,0,0,0
PULKOVO_1942,WGS84,28,-130,-95,0,0,0,0
NORD_SAHARA_1959,WGS84,-123,-206,219,0,0,0,0
FAHUD,WGS84,-346,-1,224,0,0,0,0
SCHWARZECK,WGS84,615.64,102.08,-255.81,0,0,0,0
GGRS87,WGS84,-199.87,74.79,246.62,0,0,0,0
ED50,WGS84,-84,-97,-117,0,0,0,0
NTF,ED50,-84,37,437,0,0,0,0
NTF,WGS72,-168,-72,314,0,0,0,0
AGD66,GDA94,-127.8,-52.3,152.9,0,0,0,0
AGD84,GDA94,-128.5,-53,153.4,0,0,0,0
SAMBOJA,WGS84,-404.78,685.68,45.47,0,0,0,0
LKS94_ETRS89,WGS84,0,0,0,0,0,0,0
ARC1960,WGS84,-157,-2,-299,0,0,0,0
ARC1960,WGS84,-175,-23,-303,0,0,0,0
SEGORA,WGS84,-403,684,41,0,0,0,0
PULKOVO_1942,WGS84,28,-121,-77,0,0,0,0
PULKOVO_1942,WGS84,23,-124,-82,0,0,0,0
PULKOVO_1942,WGS84,26,-121,-78,0,0,0,0
PULKOVO_1942,WGS84,24,-124,-82,0,0,0,0
PULKOVO_1942,WGS84,15,-130,-84,0,0,0,0
PULKOVO_1942,WGS84,24,-130,-92,0,0,0,0
PULKOVO_1942,WGS84,28,-121,-77,0,0,0,0
VOIROL_1875,WGS84,-73,-247,227,0,0,0,0
TRINIDAD_1903,WGS84,-61.702,284.488,472.052,0,0,0,0
PULKOVO_1942,WGS84,43.822,-108.842,-119.585,1.455,-0.761,0.737,0.549
INDIAN_1975,WGS84,210,814,289,0,0,0,0
TOKYO,WGS84,-147,506,687,0,0,0,0
MGI,WGS84,682,-203,480,0,0,0,0
NAPARIMA_1972,WGS84,-2,374,172,0,0,0,0
ED50,WGS84,-89.5,-93.8,-123.1,0,0,-0.156,1.2
OSGB_1936,WGS84,446.448,-125.157,542.06,0.15,0.247,0.842,-20.489
OSGB_1936,ED50,535.948,-31.357,665.16,0.15,0.247,0.998,-21.689
MANOCA,WGS84,-70.9,-151.8,-41.4,0,0,0,0
CAMACUPA,WGS72BE,-37.2,-370.6,-228.5,0,0,0,0
CAMACUPA,WGS84,-42.01,-332.21,-229.75,0,0,0,0
CAMACUPA,WGS84,-40,-354,-224,0,0,0,0
CAMACUPA,WGS84,-37.2,-370.6,-224,0,0,0.554,0.219
CAMACUPA,WGS84,-41.8,-342.2,-228.2,0,0,0,0
CAMACUPA,WGS84,-55.5,-348,-229.2,0,0,0,0
CAMACUPA,WGS84,-43,-337,-233,0,0,0,0
CAMACUPA,WGS84,-48,-345,-231,0,0,0,0
CAMACUPA,WGS84,-48.6,-345.1,-230.8,0,0,0,0
CAMACUPA,WGS84,-41.057,-374.564,-226.287,0,0,0.554,0.219
CAMACUPA,WGS84,-50.9,-347.6,-231,0,0,0,0
MALONGO_1987,MHAST,0,0,0,0,0,0,0
MHAST,WGS84,-252.95,-4.11,-96.38,0,0,0,0
MALONGO_1987,WGS84,-252.95,-4.11,-96.38,0,0,0,0
FAHUD,WGS84,-333.102,-11.02,230.69,0,0,0.554,0.219
PSD93,WGS84,-180.624,-225.516,173.919,-0.81,-1.898,8.336,16.71006
ED50,WGS84,-86,-92.2,-127.5,0,0,0,0
ANTIGUA_1943,WGS84,-255,-15,71,0,0,0,0
DOMINICA_1945,WGS84,725,685,536,0,0,0,0
GRENADA_1953,WGS84,72,213.7,93,0,0,0,0
MONTSERRAT_1958,WGS84,174,359,365,0,0,0,0
ST_KITTS_1955,WGS84,9,183,236,0,0,0,0
ST_LUCIA_1955,WGS84,-149,128,296,0,0,0,0
LOCODJO_1965,WGS84,-125,53,467,0,0,0,0
ABIDJAN_1987,WGS84,-124.76,53,466.79,0,0,0,0
MGI,WGS84,-577.326,-90.129,-463.919,-15.8537,-4.55,-16.3489,-2.4232
NAD83_CSRS98,WGS84,0,0,0,0,0,0,0
CAPE,HARTEBEESTHOEK94,-134.73,-110.92,-292.66,0,0,0,0
HARTEBEESTHOEK94,WGS84,0,0,0,0,0,0,0
Unknown,WGS84,674.374,15.056,405.346,0,0,0,0
CHTRF95,WGS84,0,0,0,0,0,0,0
RASSADIRAN,WGS84,-133.63,-157.5,-158.62,0,0,0,0
FD58,WGS84,-241.54,-163.64,396.06,0,0,0,0
ED50_ED77,WGS84,-110.33,-97.73,-119.85,0.3423,1.1634,0.2715,0.063
LA_CANOA,WGS84,-273.5,110.6,-357.9,0,0,0,0
CONAKRY_1905,WGS84,-23,259,-9,0,0,0,0
DABOLA_1981,WGS84,-83,37,124,0,0,0,0
CAMPO_INCHAUSPE,WGS84,-154.5,150.7,100.4,0,0,0,0
CHOS_MALAL_1914,CAMPO_INCHAUSPE,160,26,41,0,0,0,0
HITO_XVIII_1963,WGS84,18.38,192.45,96.82,0.056,-0.142,-0.2,-0.0013
NAD27,WGS84,-4.2,135.4,181.9,0,0,0,0
NAHRWAN_1967,WGS84,-245,-153.9,382.8,0,0,0,0
M_PORALOKO,WGS84,-80.7,-132.5,41.1,0,0,0,0
KALIANPUR_1937,WGS84,214,804,268,0,0,0,0
MINNA,WGS84,-111.92,-87.85,114.5,1.875,0.202,0.219,0.032
QATAR,WGS84,-128.16,-282.42,21.93,0,0,0,0
NAHRWAN_1967,WGS84,-250.2,-153.09,391.7,0,0,0,0
INDIAN_1975,WGS84,204.64,834.74,293.8,0,0,0,0
CARTHAGE,WGS84,-260.1,5.5,432.2,0,0,0,0
SOUTH_YEMEN,YNGN96,-76,-138,67,0,0,0,0
YNGN96,WGS84,0,0,0,0,0,0,0
INDIAN_1960,WGS72BE,199,931,317,0,0,0,0
INDIAN_1960,WGS84,198,881,317,0,0,0,0
INDIAN_1960,WGS84,182,915,344,0,0,0,0
HANOI_1972,WGS84,-17.51,-108.32,-62.39,0,0,0,0
EGYPT_1907,WGS72,-121.8,98.1,-15.2,0,0,0,0
EGYPT_1907,WGS84,-146.21,112.63,4.05,0,0,0,0
BISSAU,WGS84,-173,253,27,0,0,0,0
SAD69,WGS84,-66.87,4.37,-38.52,0,0,0,0
ARATU,WGS84,-158,315,-148,0,0,0,0
ARATU,WGS84,-139.62,290.53,-150.29,0,0,0,0
ARATU,WGS84,-141.15,293.44,-150.56,0,0,0,0
ARATU,WGS84,-142.48,296.03,-149.74,0,0,0,0
NAPARIMA_1955,WGS84,-0.465,372.095,171.736,0,0,0,0
NAPARIMA_1955,WGS84,-2,374,172,0,0,0,0
MALONGO_1987,WGS84,-254.1,-5.4,-100.3,0,0,0,0
KOREAN_DATUM_1995,WGS84,0,0,0,0,0,0,0
NORD_SAHARA_1959,WGS72BE,-156.5,-87.2,285.9,0,0,0,0
